#/Lambda=0.7	/Regression_slope=0.6	/Regression_intercept=-6	/Entropy_core_cutoff=0.1	/Entropy_general_cutoff=0.1	/GC_content=0.5	/Pseudocount=maximal_row_counts/counts_in_row
>V$nrMotif0	lnR0: 0
0.794515	1.76347	0	0.923908
6.59553	6.59553	0	6.59553
6.59553	0	6.59553	6.59553
6.59553	0	6.59553	6.59553
6.59553	6.59553	6.59553	0
6.59553	6.59553	0	6.59553
6.59553	6.59553	0	6.59553
6.59553	0	6.59553	6.59553
5.66537	0.0935335	5.66537	0
0.740811	4.14644	0.297575	0
>V$nrMotif1	lnR0: -0.6
0	6.59553	6.59553	6.59553
6.59553	0	6.59553	6.59553
0	6.59553	6.59553	6.59553
0	6.59553	6.59553	6.59553
0	6.59553	6.59553	6.59553
0	6.59553	6.59553	6.59553
0	0.740752	0.221748	5.34271
6.59553	0	6.59553	6.59553
0	0.900618	2.52136	0.972335
>V$nrMotif2	lnR0: -1.8
0	6.59553	6.59553	6.59553
0	6.59553	6.59553	6.59553
0	6.59553	6.59553	6.59553
0	6.59553	6.59553	6.59553
6.59553	6.59553	6.59553	0
6.59553	6.59553	0	6.59553
6.59553	0	6.59553	6.59553
>V$nrMotif3	lnR0: 0
0	2.79802	0.831809	0.451427
6.59553	6.59553	0	6.59553
6.59553	6.59553	0	6.59553
0	6.59553	6.59553	6.59553
0	6.59553	6.59553	6.59553
0	6.59553	6.59553	6.59553
6.59553	6.59553	0	6.59553
6.59553	6.59553	0	6.59553
0	6.59553	6.59553	6.59553
0	1.64249	0.461039	1.38366
>V$nrMotif4	lnR0: 0.6
0	1.83953	1.04471	0.630885
0	1.72673	0.958714	1.16411
0	1.90854	1.50422	1.52599
0	6.59553	6.59553	6.59553
0	6.59553	6.59553	6.59553
0	6.59553	6.59553	6.59553
0	6.59553	6.59553	6.59553
0	6.59553	6.59553	6.59553
0	6.59553	6.59553	6.59553
6.59553	6.59553	6.59553	0
6.59553	6.59553	6.59553	0
>V$nrMotif5	lnR0: -0.6
6.59553	6.59553	0	6.59553
6.59553	0	6.59553	6.59553
6.59553	0	6.59553	6.59553
6.59553	0	6.59553	6.59553
6.59553	0	6.59553	6.59553
0	6.59553	6.59553	6.59553
6.59553	6.59553	0	6.59553
6.59553	6.59553	0	6.59553
0.344331	0	4.76098	0.789985
>V$nrMotif6	lnR0: -1.8
6.59553	6.59553	6.59553	0
6.59553	6.59553	6.59553	0
6.59553	6.59553	6.59553	0
0	6.59553	6.59553	6.59553
6.59553	6.59553	6.59553	0
6.59553	6.59553	6.59553	0
6.59553	6.59553	6.59553	0
>V$nrMotif7	lnR0: 1.2
1.06868	1.24593	0	1.59437
4.52952	2.17477	0	0.854452
6.59553	6.59553	0	6.59553
0	6.59553	6.59553	6.59553
6.59553	0	6.59553	6.59553
0	6.59553	6.59553	6.59553
6.59553	6.59553	0	6.59553
6.59553	6.59553	0	6.59553
6.59553	6.59553	0	6.59553
6.59553	0	6.59553	6.59553
2.68263	0.774825	1.00236	0
0.803724	0.736267	0	1.86089
>V$nrMotif8	lnR0: -1.8
0	6.59553	6.59553	6.59553
6.59553	6.59553	0	6.59553
6.59553	0	6.59553	6.59553
6.59553	0	6.59553	6.59553
6.59553	6.59553	6.59553	0
6.59553	0	6.59553	6.59553
6.59553	0	6.59553	6.59553
>V$nrMotif9	lnR0: -0.6
4.18637	1.56443	0.808206	0
6.59553	6.59553	0	6.59553
6.59553	6.59553	0	6.59553
6.59553	0	6.59553	6.59553
0	6.59553	6.59553	6.59553
6.59553	6.59553	0	6.59553
6.59553	0	6.59553	6.59553
0	6.59553	6.59553	6.59553
5.73742	0.246741	5.73742	0
>V$nrMotif10	lnR0: -0.6
0	1.77787	2.2393	1.05656
6.59553	6.59553	0	6.59553
6.59553	6.59553	0	6.59553
0	5.67465	0.11248	5.67465
6.59553	6.59553	0	6.59553
6.59553	0	6.59553	6.59553
6.59553	0	6.59553	6.59553
6.59553	6.59553	6.59553	0
6.59553	6.59553	6.59553	0
